Sedan 0.7208806818181819 0.16354166666666667 0.04403409090909091 0.052083333333333336
Sedan 0.7464488636363636 0.14895833333333333 0.03835227272727273 0.052083333333333336
Sedan 0.7876420454545455 0.13125 0.03551136363636364 0.041666666666666664
Scooter 0.033380681818181816 0.39375 0.06392045454545454 0.14583333333333334
Sedan 0.8607954545454546 0.24687499999999998 0.06534090909090909 0.08541666666666667
Scooter 0.9602272727272727 0.23124999999999998 0.03125 0.08333333333333333
Sedan 0.5355113636363636 0.240625 0.09943181818181819 0.10625
Sedan 0.8884943181818182 0.16979166666666667 0.041193181818181816 0.06458333333333333
Sedan 0.9573863636363636 0.17291666666666666 0.045454545454545456 0.058333333333333334
Sedan 0.6505681818181819 0.3125 0.11079545454545454 0.12916666666666665
Sedan 0.9090909090909092 0.128125 0.02840909090909091 0.04375
Scooter 0.9495738636363636 0.32708333333333334 0.04403409090909091 0.1125
Sedan 0.5980113636363636 0.6135416666666667 0.23295454545454547 0.3145833333333333
Scooter 0.8366477272727273 0.8697916666666666 0.11079545454545454 0.25625
