Sedan 0.7208806818181819 0.16354166666666667 0.04403409090909091 0.052083333333333336
Sedan 0.7464488636363636 0.14895833333333333 0.03835227272727273 0.052083333333333336
Sedan 0.7876420454545455 0.13125 0.03551136363636364 0.041666666666666664
Scooter 0.03409090909090909 0.39479166666666665 0.06818181818181818 0.14375
Sedan 0.8473011363636364 0.271875 0.07528409090909091 0.09375
Scooter 0.9559659090909092 0.2520833333333333 0.02840909090909091 0.08333333333333333
Sedan 0.5355113636363636 0.240625 0.09943181818181819 0.10625
Sedan 0.8828125 0.18020833333333333 0.04403409090909091 0.06458333333333333
Sedan 0.9602272727272727 0.1875 0.045454545454545456 0.0625
Sedan 0.6946022727272727 0.278125 0.09090909090909091 0.10625
Sedan 0.9076704545454546 0.13541666666666666 0.02840909090909091 0.041666666666666664
Scooter 0.9360795454545455 0.3697916666666667 0.045454545454545456 0.13541666666666666
Sedan 0.45170454545454547 0.7916666666666666 0.3494318181818182 0.4125
