Sedan 0.7208806818181819 0.16354166666666667 0.04403409090909091 0.052083333333333336
Sedan 0.7464488636363636 0.14895833333333333 0.03835227272727273 0.052083333333333336
Sedan 0.7876420454545455 0.13125 0.03551136363636364 0.041666666666666664
Scooter 0.03480113636363637 0.3989583333333333 0.06960227272727273 0.15208333333333332
Sedan 0.875 0.22604166666666667 0.05965909090909091 0.07291666666666667
Scooter 0.9644886363636364 0.2125 0.02556818181818182 0.075
Sedan 0.5369318181818182 0.23854166666666665 0.09659090909090909 0.10208333333333333
Sedan 0.8941761363636364 0.165625 0.041193181818181816 0.05625
Sedan 0.9588068181818182 0.16145833333333334 0.04261363636363637 0.05625
Sedan 0.5646306818181819 0.37604166666666666 0.14630681818181818 0.16041666666666665
Sedan 0.9090909090909092 0.121875 0.022727272727272728 0.035416666666666666
Scooter 0.9616477272727273 0.2864583333333333 0.03125 0.09375
Sedan 0.7038352272727273 0.4635416666666667 0.16051136363636365 0.22291666666666665
Scooter 0.9048295454545455 0.6333333333333333 0.08238636363636363 0.225
Scooter 0.7208806818181819 0.778125 0.09232954545454546 0.28125
