Sedan 0.7208806818181819 0.16354166666666667 0.04403409090909091 0.052083333333333336
Sedan 0.7464488636363636 0.14895833333333333 0.03835227272727273 0.052083333333333336
Sedan 0.7876420454545455 0.13125 0.03551136363636364 0.041666666666666664
Scooter 0.03409090909090909 0.3927083333333333 0.06818181818181818 0.13958333333333334
Sedan 0.8693181818181819 0.23020833333333332 0.06534090909090909 0.07708333333333334
Scooter 0.9616477272727273 0.21666666666666667 0.02556818181818182 0.07083333333333333
Sedan 0.5383522727272727 0.23854166666666665 0.09943181818181819 0.10208333333333333
Sedan 0.8913352272727273 0.16354166666666667 0.03835227272727273 0.052083333333333336
Sedan 0.9588068181818182 0.16666666666666666 0.03977272727272727 0.05
Sedan 0.5980113636363636 0.3489583333333333 0.13068181818181818 0.14375
Sedan 0.9083806818181819 0.12291666666666666 0.026988636363636364 0.0375
Scooter 0.9573863636363636 0.3 0.036931818181818184 0.1125
Sedan 0.6761363636363636 0.5114583333333333 0.17329545454545456 0.2520833333333333
Scooter 0.8849431818181819 0.696875 0.08522727272727273 0.24791666666666667
Scooter 0.6761363636363636 0.8645833333333334 0.11363636363636365 0.26666666666666666
