Sedan 0.7208806818181819 0.16354166666666667 0.04403409090909091 0.052083333333333336
Sedan 0.7464488636363636 0.14895833333333333 0.03835227272727273 0.052083333333333336
Sedan 0.7876420454545455 0.13125 0.03551136363636364 0.041666666666666664
Scooter 0.03622159090909091 0.3958333333333333 0.06960227272727273 0.1375
Sedan 0.8892045454545455 0.2 0.048295454545454544 0.0625
Scooter 0.9659090909090909 0.18854166666666666 0.019886363636363636 0.06458333333333333
Sedan 0.5362215909090909 0.240625 0.09517045454545454 0.10208333333333333
Sedan 0.8991477272727273 0.14583333333333334 0.036931818181818184 0.05
Sedan 0.9552556818181819 0.14791666666666667 0.032670454545454544 0.05
Sedan 0.32386363636363635 0.5572916666666666 0.2727272727272727 0.28125
Scooter 0.9694602272727273 0.24166666666666667 0.026988636363636364 0.07916666666666666
Sedan 0.7890625 0.346875 0.10653409090909091 0.14375
Scooter 0.953125 0.44375 0.05113636363636364 0.15833333333333333
Scooter 0.8401988636363636 0.48854166666666665 0.061079545454545456 0.18125
