Sedan 0.7208806818181819 0.16354166666666667 0.04403409090909091 0.052083333333333336
Sedan 0.7464488636363636 0.14895833333333333 0.03835227272727273 0.052083333333333336
Sedan 0.7876420454545455 0.13125 0.03551136363636364 0.041666666666666664
Scooter 0.03551136363636364 0.39166666666666666 0.07102272727272728 0.15
Sedan 0.8835227272727273 0.20833333333333334 0.05397727272727273 0.06666666666666667
Scooter 0.9651988636363636 0.196875 0.024147727272727272 0.06875
Sedan 0.5362215909090909 0.23958333333333334 0.09801136363636363 0.10416666666666667
Sedan 0.8970170454545455 0.15520833333333334 0.03551136363636364 0.05625
Sedan 0.9566761363636364 0.15416666666666667 0.03551136363636364 0.05
Sedan 0.46875 0.44479166666666664 0.19318181818181818 0.19791666666666666
Scooter 0.9666193181818182 0.25729166666666664 0.029829545454545456 0.08958333333333333
Sedan 0.7549715909090909 0.39791666666666664 0.12357954545454546 0.175
Scooter 0.9346590909090909 0.521875 0.05965909090909091 0.18958333333333333
Scooter 0.7919034090909091 0.5979166666666667 0.07244318181818182 0.2125
