Sedan 0.7208806818181819 0.16354166666666667 0.04403409090909091 0.052083333333333336
Sedan 0.7464488636363636 0.14895833333333333 0.03835227272727273 0.052083333333333336
Sedan 0.7876420454545455 0.13125 0.03551136363636364 0.041666666666666664
Scooter 0.03480113636363637 0.396875 0.06960227272727273 0.14375
Sedan 0.5340909090909091 0.24166666666666667 0.09659090909090909 0.10833333333333334
Sedan 0.9119318181818182 0.140625 0.03125 0.04375
Sedan 0.8970170454545455 0.18541666666666667 0.046875 0.0625
Sedan 0.9659090909090909 0.17708333333333334 0.04261363636363637 0.0625
Sedan 0.9460227272727273 0.234375 0.05681818181818182 0.07708333333333334
Sedan 0.6995738636363636 0.46979166666666666 0.15767045454545456 0.22291666666666665
