Sedan 0.7208806818181819 0.16354166666666667 0.04403409090909091 0.052083333333333336
Sedan 0.7464488636363636 0.14895833333333333 0.03835227272727273 0.052083333333333336
Sedan 0.7876420454545455 0.13125 0.03551136363636364 0.041666666666666664
Scooter 0.032670454545454544 0.39375 0.06534090909090909 0.1375
Sedan 0.5376420454545454 0.24270833333333333 0.09801136363636363 0.10625
Sedan 0.9140625 0.13645833333333332 0.032670454545454544 0.04375
Sedan 0.9573863636363636 0.14583333333333334 0.03409090909090909 0.04583333333333333
Sedan 0.875 0.22083333333333333 0.0625 0.0875
Truck 0.8103693181818182 0.16770833333333332 0.049715909090909095 0.08541666666666667
Sedan 0.8586647727272727 0.13125 0.029829545454545456 0.041666666666666664
