Sedan 0.7208806818181819 0.16354166666666667 0.04403409090909091 0.052083333333333336
Sedan 0.7464488636363636 0.14895833333333333 0.03835227272727273 0.052083333333333336
Sedan 0.7876420454545455 0.13125 0.03551136363636364 0.041666666666666664
Scooter 0.03551136363636364 0.39791666666666664 0.07102272727272728 0.14166666666666666
Sedan 0.9069602272727273 0.15625 0.03835227272727273 0.05416666666666667
Scooter 0.9659090909090909 0.15104166666666666 0.017045454545454544 0.04791666666666666
Sedan 0.5404829545454546 0.240625 0.09232954545454546 0.10625
Sedan 0.9055397727272727 0.121875 0.029829545454545456 0.03958333333333333
Sedan 0.9488636363636364 0.12395833333333334 0.03125 0.04375
Scooter 0.9737215909090909 0.18333333333333332 0.018465909090909092 0.0625
Sedan 0.8657670454545455 0.23333333333333334 0.06676136363636363 0.0875
Scooter 0.9815340909090909 0.2760416666666667 0.03409090909090909 0.10208333333333333
Scooter 0.9147727272727273 0.2760416666666667 0.03409090909090909 0.10208333333333333
Sedan 0.7230113636363636 0.46875 0.14204545454545456 0.19166666666666665
