Sedan 0.7208806818181819 0.16354166666666667 0.04403409090909091 0.052083333333333336
Sedan 0.7464488636363636 0.14895833333333333 0.03835227272727273 0.052083333333333336
Sedan 0.7876420454545455 0.13125 0.03551136363636364 0.041666666666666664
Scooter 0.03622159090909091 0.403125 0.07244318181818182 0.14375
Sedan 0.5390625 0.23854166666666665 0.09801136363636363 0.10208333333333333
Bus 0.8955965909090909 0.15625 0.07528409090909091 0.14583333333333334
Scooter 0.9879261363636364 0.24791666666666667 0.021306818181818184 0.075
Sedan 0.8934659090909091 0.41041666666666665 0.10511363636363637 0.14583333333333334
Sedan 0.6768465909090909 0.4510416666666667 0.1434659090909091 0.19791666666666666
Sedan 0.6200284090909091 0.8270833333333333 0.3224431818181818 0.3416666666666667
