Sedan 0.7208806818181819 0.16354166666666667 0.04403409090909091 0.052083333333333336
Sedan 0.7464488636363636 0.14895833333333333 0.03835227272727273 0.052083333333333336
Sedan 0.7876420454545455 0.13125 0.03551136363636364 0.041666666666666664
Scooter 0.03551136363636364 0.396875 0.07102272727272728 0.14791666666666667
Sedan 0.8955965909090909 0.18645833333333334 0.046875 0.06041666666666667
Scooter 0.9659090909090909 0.175 0.019886363636363636 0.058333333333333334
Sedan 0.5362215909090909 0.24166666666666667 0.09517045454545454 0.10833333333333334
Sedan 0.9012784090909091 0.13958333333333334 0.032670454545454544 0.04583333333333333
Sedan 0.9538352272727273 0.140625 0.032670454545454544 0.04791666666666666
Sedan 0.15838068181818182 0.7270833333333333 0.31676136363636365 0.425
Scooter 0.9694602272727273 0.22604166666666667 0.026988636363636364 0.07708333333333334
Sedan 0.8125 0.31354166666666666 0.09943181818181819 0.13541666666666666
Scooter 0.9644886363636364 0.390625 0.045454545454545456 0.13958333333333334
Scooter 0.8657670454545455 0.421875 0.049715909090909095 0.15208333333333332
Sedan 0.3210227272727273 0.890625 0.3778409090909091 0.21458333333333332
