Sedan 0.7208806818181819 0.16354166666666667 0.04403409090909091 0.052083333333333336
Sedan 0.7464488636363636 0.14895833333333333 0.03835227272727273 0.052083333333333336
Sedan 0.7876420454545455 0.13125 0.03551136363636364 0.041666666666666664
Scooter 0.033380681818181816 0.39791666666666664 0.06676136363636363 0.14583333333333334
Sedan 0.5383522727272727 0.24166666666666667 0.09659090909090909 0.10833333333333334
Bus 0.9147727272727273 0.10625 0.04261363636363637 0.0875
Scooter 0.9808238636363636 0.15625 0.021306818181818184 0.05
Sedan 0.9538352272727273 0.20625 0.049715909090909095 0.06666666666666667
Sedan 0.8742897727272727 0.190625 0.049715909090909095 0.06875
Sedan 0.8870738636363636 0.23854166666666665 0.061079545454545456 0.07708333333333334
Sedan 0.8096590909090909 0.31145833333333334 0.09375 0.12708333333333333
Sedan 0.8849431818181819 0.440625 0.1278409090909091 0.21041666666666667
