Sedan 0.7208806818181819 0.16354166666666667 0.04403409090909091 0.052083333333333336
Sedan 0.7464488636363636 0.14895833333333333 0.03835227272727273 0.052083333333333336
Sedan 0.7876420454545455 0.13125 0.03551136363636364 0.041666666666666664
Scooter 0.03409090909090909 0.403125 0.06818181818181818 0.14791666666666667
Sedan 0.5362215909090909 0.240625 0.09801136363636363 0.10625
Sedan 0.9090909090909092 0.14583333333333334 0.03409090909090909 0.05416666666666667
Truck 0.9545454545454546 0.15 0.036931818181818184 0.0625
Sedan 0.8430397727272727 0.159375 0.029829545454545456 0.04375
Sedan 0.9488636363636364 0.24270833333333333 0.05681818181818182 0.08125
Sedan 0.7386363636363636 0.3927083333333333 0.11647727272727273 0.15208333333333332
