Sedan 0.7208806818181819 0.16354166666666667 0.04403409090909091 0.052083333333333336
Sedan 0.7464488636363636 0.14895833333333333 0.03835227272727273 0.052083333333333336
Sedan 0.7876420454545455 0.13125 0.03551136363636364 0.041666666666666664
Scooter 0.036931818181818184 0.39479166666666665 0.07386363636363637 0.14375
Sedan 0.5333806818181819 0.23958333333333334 0.09232954545454546 0.10833333333333334
Bus 0.9112215909090909 0.12708333333333333 0.05823863636363637 0.1125
Scooter 0.9900568181818182 0.19375 0.017045454545454544 0.06666666666666667
Sedan 0.9375 0.2791666666666667 0.07102272727272728 0.09583333333333333
Sedan 0.8188920454545455 0.2677083333333333 0.07528409090909091 0.10208333333333333
Sedan 0.8366477272727273 0.38229166666666664 0.10511363636363637 0.15625
Sedan 0.5688920454545455 0.6114583333333333 0.234375 0.3020833333333333
