Sedan 0.7208806818181819 0.16354166666666667 0.04403409090909091 0.052083333333333336
Sedan 0.7464488636363636 0.14895833333333333 0.03835227272727273 0.052083333333333336
Sedan 0.7876420454545455 0.13125 0.03551136363636364 0.041666666666666664
Scooter 0.03409090909090909 0.39479166666666665 0.06818181818181818 0.13958333333333334
Sedan 0.5369318181818182 0.240625 0.09375 0.10625
Sedan 0.18821022727272727 0.6885416666666666 0.3309659090909091 0.34791666666666665
Sedan 0.9502840909090909 0.13854166666666667 0.03125 0.04375
Sedan 0.9041193181818182 0.16770833333333332 0.03835227272727273 0.052083333333333336
Sedan 0.8757102272727273 0.225 0.061079545454545456 0.08333333333333333
Sedan 0.9651988636363636 0.21875 0.05823863636363637 0.07916666666666666
Sedan 0.9176136363636364 0.33229166666666665 0.08806818181818182 0.13125
Sedan 0.23011363636363638 0.884375 0.46022727272727276 0.22708333333333333
