Sedan 0.7208806818181819 0.16354166666666667 0.04403409090909091 0.052083333333333336
Sedan 0.7464488636363636 0.14895833333333333 0.03835227272727273 0.052083333333333336
Sedan 0.7876420454545455 0.13125 0.03551136363636364 0.041666666666666664
Scooter 0.036931818181818184 0.396875 0.07386363636363637 0.14791666666666667
Sedan 0.5390625 0.23645833333333333 0.10085227272727273 0.10625
Sedan 0.9105113636363636 0.12291666666666666 0.02556818181818182 0.0375
Sedan 0.7613636363636364 0.23333333333333334 0.05965909090909091 0.075
Sedan 0.9566761363636364 0.17604166666666665 0.03835227272727273 0.06041666666666667
Sedan 0.8600852272727273 0.23541666666666666 0.06392045454545454 0.08333333333333333
Sedan 0.7549715909090909 0.41875 0.12357954545454546 0.16666666666666666
Sedan 0.9090909090909092 0.45625 0.14204545454545456 0.2125
