Sedan 0.7208806818181819 0.16354166666666667 0.04403409090909091 0.052083333333333336
Sedan 0.7464488636363636 0.14895833333333333 0.03835227272727273 0.052083333333333336
Sedan 0.7876420454545455 0.13125 0.03551136363636364 0.041666666666666664
Scooter 0.03409090909090909 0.39375 0.06818181818181818 0.14166666666666666
Sedan 0.9083806818181819 0.14791666666666667 0.03835227272727273 0.05
Scooter 0.9623579545454546 0.14583333333333334 0.015625 0.05
Sedan 0.5369318181818182 0.23541666666666666 0.09659090909090909 0.1
Sedan 0.9069602272727273 0.11458333333333333 0.024147727272727272 0.0375
Sedan 0.9460227272727273 0.11666666666666667 0.022727272727272728 0.03333333333333333
Scooter 0.9737215909090909 0.17083333333333334 0.018465909090909092 0.058333333333333334
Sedan 0.8785511363636364 0.20833333333333334 0.061079545454545456 0.07916666666666666
Scooter 0.9822443181818182 0.24375 0.029829545454545456 0.08333333333333333
Scooter 0.9282670454545455 0.240625 0.029829545454545456 0.08541666666666667
Sedan 0.7819602272727273 0.3833333333333333 0.10085227272727273 0.14583333333333334
Truck 0.31676136363636365 0.8322916666666667 0.38636363636363635 0.33125
