Sedan 0.7208806818181819 0.16354166666666667 0.04403409090909091 0.052083333333333336
Sedan 0.7464488636363636 0.14895833333333333 0.03835227272727273 0.052083333333333336
Sedan 0.7876420454545455 0.13125 0.03551136363636364 0.041666666666666664
Scooter 0.03409090909090909 0.396875 0.06818181818181818 0.13541666666666666
Sedan 0.5362215909090909 0.240625 0.09232954545454546 0.10625
Sedan 0.9119318181818182 0.12916666666666665 0.03125 0.04583333333333333
Sedan 0.9012784090909091 0.171875 0.03835227272727273 0.05625
Truck 0.9524147727272727 0.18541666666666667 0.046875 0.07916666666666666
Sedan 0.8629261363636364 0.13020833333333334 0.024147727272727272 0.03125
Sedan 0.9261363636363636 0.3208333333333333 0.08238636363636363 0.12083333333333333
Sedan 0.4637784090909091 0.7541666666666667 0.2997159090909091 0.3958333333333333
