Sedan 0.7208806818181819 0.16354166666666667 0.04403409090909091 0.052083333333333336
Sedan 0.7464488636363636 0.14895833333333333 0.03835227272727273 0.052083333333333336
Sedan 0.7876420454545455 0.13125 0.03551136363636364 0.041666666666666664
Scooter 0.036931818181818184 0.4 0.07386363636363637 0.15
Sedan 0.5355113636363636 0.23854166666666665 0.09375 0.11041666666666666
Sedan 0.6186079545454546 0.346875 0.109375 0.13541666666666666
Sedan 0.9538352272727273 0.15208333333333332 0.032670454545454544 0.04583333333333333
Sedan 0.8920454545454546 0.19270833333333334 0.05113636363636364 0.06458333333333333
Sedan 0.8401988636363636 0.2864583333333333 0.078125 0.10208333333333333
Sedan 0.9509943181818182 0.2864583333333333 0.08664772727272728 0.11875
Sedan 0.8522727272727273 0.5270833333333333 0.14772727272727273 0.2375
