Sedan 0.7208806818181819 0.16354166666666667 0.04403409090909091 0.052083333333333336
Sedan 0.7464488636363636 0.14895833333333333 0.03835227272727273 0.052083333333333336
Sedan 0.7876420454545455 0.13125 0.03551136363636364 0.041666666666666664
Scooter 0.03622159090909091 0.3989583333333333 0.07244318181818182 0.13958333333333334
Sedan 0.5369318181818182 0.23854166666666665 0.09943181818181819 0.11041666666666666
Bus 0.9119318181818182 0.11354166666666667 0.05113636363636364 0.09791666666666667
Scooter 0.9879261363636364 0.17604166666666665 0.021306818181818184 0.05625
Sedan 0.9460227272727273 0.2375 0.05681818181818182 0.07916666666666666
Sedan 0.8515625 0.22291666666666665 0.061079545454545456 0.07916666666666666
Sedan 0.8686079545454546 0.29375 0.08096590909090909 0.1125
Sedan 0.7322443181818182 0.40729166666666666 0.13494318181818182 0.18125
Sedan 0.8068181818181819 0.6604166666666667 0.20170454545454547 0.35833333333333334
