Sedan 0.7208806818181819 0.16354166666666667 0.04403409090909091 0.052083333333333336
Sedan 0.7464488636363636 0.14895833333333333 0.03835227272727273 0.052083333333333336
Sedan 0.7876420454545455 0.13125 0.03551136363636364 0.041666666666666664
Scooter 0.03480113636363637 0.3958333333333333 0.06960227272727273 0.14166666666666666
Sedan 0.5383522727272727 0.23854166666666665 0.09375 0.10208333333333333
Sedan 0.90625 0.15520833333333334 0.03409090909090909 0.052083333333333336
Truck 0.9552556818181819 0.16145833333333334 0.03835227272727273 0.06875
Sedan 0.8536931818181819 0.14583333333333334 0.03125 0.0375
Sedan 0.9403409090909092 0.2739583333333333 0.06818181818181818 0.09791666666666667
Sedan 0.6612215909090909 0.4947916666666667 0.16619318181818182 0.21875
