Sedan 0.7208806818181819 0.16354166666666667 0.04403409090909091 0.052083333333333336
Sedan 0.7464488636363636 0.14895833333333333 0.03835227272727273 0.052083333333333336
Sedan 0.7876420454545455 0.13125 0.03551136363636364 0.041666666666666664
Scooter 0.036931818181818184 0.396875 0.07386363636363637 0.13958333333333334
Sedan 0.5383522727272727 0.2375 0.09943181818181819 0.10416666666666667
Sedan 0.9090909090909092 0.125 0.02840909090909091 0.0375
Truck 0.9460227272727273 0.11979166666666667 0.03125 0.052083333333333336
Sedan 0.7720170454545455 0.225 0.05539772727272727 0.075
Sedan 0.9588068181818182 0.18333333333333332 0.04261363636363637 0.0625
Sedan 0.8536931818181819 0.24375 0.06534090909090909 0.09166666666666666
Sedan 0.7329545454545455 0.45 0.13636363636363635 0.17916666666666667
Sedan 0.8941761363636364 0.5 0.15482954545454547 0.23333333333333334
