Sedan 0.7208806818181819 0.16354166666666667 0.04403409090909091 0.052083333333333336
Sedan 0.7464488636363636 0.14895833333333333 0.03835227272727273 0.052083333333333336
Sedan 0.7876420454545455 0.13125 0.03551136363636364 0.041666666666666664
Scooter 0.032670454545454544 0.3958333333333333 0.06534090909090909 0.14166666666666666
Sedan 0.5348011363636364 0.24166666666666667 0.09517045454545454 0.10833333333333334
Bus 0.9019886363636364 0.14583333333333334 0.06818181818181818 0.12916666666666665
Scooter 0.9893465909090909 0.22395833333333334 0.018465909090909092 0.06041666666666667
Sedan 0.9126420454545455 0.353125 0.09232954545454546 0.11875
Sedan 0.7414772727272727 0.36666666666666664 0.11079545454545454 0.15
Sedan 0.7400568181818182 0.6291666666666667 0.19318181818181818 0.29583333333333334
