Sedan 0.7208806818181819 0.16354166666666667 0.04403409090909091 0.052083333333333336
Sedan 0.7464488636363636 0.14895833333333333 0.03835227272727273 0.052083333333333336
Sedan 0.7876420454545455 0.13125 0.03551136363636364 0.041666666666666664
Scooter 0.03551136363636364 0.396875 0.07102272727272728 0.13958333333333334
Sedan 0.5376420454545454 0.24166666666666667 0.09517045454545454 0.10416666666666667
Bus 0.9133522727272727 0.096875 0.036931818181818184 0.07708333333333334
Sedan 0.9559659090909092 0.171875 0.03977272727272727 0.052083333333333336
Sedan 0.8963068181818182 0.15833333333333333 0.03977272727272727 0.05
Sedan 0.9005681818181819 0.18645833333333334 0.045454545454545456 0.06041666666666667
Sedan 0.8629261363636364 0.23124999999999998 0.061079545454545456 0.0875
Sedan 0.9360795454545455 0.29270833333333335 0.08238636363636363 0.12708333333333333
