Sedan 0.7208806818181819 0.16354166666666667 0.04403409090909091 0.052083333333333336
Sedan 0.7464488636363636 0.14895833333333333 0.03835227272727273 0.052083333333333336
Sedan 0.7876420454545455 0.13125 0.03551136363636364 0.041666666666666664
Scooter 0.03480113636363637 0.39791666666666664 0.06960227272727273 0.14166666666666666
Sedan 0.5355113636363636 0.24166666666666667 0.09659090909090909 0.10416666666666667
Bus 0.9126420454545455 0.11145833333333333 0.046875 0.09375
Scooter 0.9857954545454546 0.16666666666666666 0.022727272727272728 0.0625
Sedan 0.9481534090909092 0.221875 0.052556818181818184 0.06875
Sedan 0.8629261363636364 0.20833333333333334 0.05823863636363637 0.07083333333333333
Sedan 0.8771306818181819 0.26666666666666666 0.06960227272727273 0.09166666666666666
Sedan 0.7684659090909091 0.36354166666666665 0.11363636363636365 0.14791666666666667
Sedan 0.8444602272727273 0.5447916666666667 0.16619318181818182 0.27708333333333335
