Sedan 0.7208806818181819 0.16354166666666667 0.04403409090909091 0.052083333333333336
Sedan 0.7464488636363636 0.14895833333333333 0.03835227272727273 0.052083333333333336
Sedan 0.7876420454545455 0.13125 0.03551136363636364 0.041666666666666664
Scooter 0.036931818181818184 0.3989583333333333 0.07386363636363637 0.13541666666666666
Sedan 0.9119318181818182 0.128125 0.02840909090909091 0.04375
Sedan 0.5355113636363636 0.24270833333333333 0.09659090909090909 0.10625
Scooter 0.96875 0.14583333333333334 0.017045454545454544 0.05416666666666667
Sedan 0.8984375 0.171875 0.04403409090909091 0.06041666666666667
Scooter 0.9850852272727273 0.19583333333333333 0.024147727272727272 0.07083333333333333
Scooter 0.9438920454545455 0.18854166666666666 0.024147727272727272 0.06458333333333333
Sedan 0.8522727272727273 0.2635416666666667 0.07102272727272728 0.08958333333333333
Truck 0.8203125 0.3770833333333333 0.12926136363636365 0.2
Sedan 0.6676136363636364 0.9052083333333333 0.29261363636363635 0.18541666666666667
