Sedan 0.7208806818181819 0.16354166666666667 0.04403409090909091 0.052083333333333336
Sedan 0.7464488636363636 0.14895833333333333 0.03835227272727273 0.052083333333333336
Sedan 0.7876420454545455 0.13125 0.03551136363636364 0.041666666666666664
Scooter 0.03622159090909091 0.396875 0.07244318181818182 0.14791666666666667
Sedan 0.5376420454545454 0.240625 0.09801136363636363 0.11041666666666666
Sedan 0.9069602272727273 0.153125 0.03835227272727273 0.05625
Truck 0.9538352272727273 0.15729166666666666 0.03551136363636364 0.06458333333333333
Sedan 0.8508522727272727 0.146875 0.03125 0.035416666666666666
Sedan 0.9438920454545455 0.2635416666666667 0.06676136363636363 0.09375
Sedan 0.6882102272727273 0.4552083333333333 0.14914772727272727 0.18958333333333333
