Sedan 0.7208806818181819 0.16354166666666667 0.04403409090909091 0.052083333333333336
Sedan 0.7464488636363636 0.14895833333333333 0.03835227272727273 0.052083333333333336
Sedan 0.7876420454545455 0.13125 0.03551136363636364 0.041666666666666664
Scooter 0.03551136363636364 0.3927083333333333 0.07102272727272728 0.14791666666666667
Sedan 0.5376420454545454 0.24166666666666667 0.09801136363636363 0.10833333333333334
Sedan 0.9112215909090909 0.140625 0.032670454545454544 0.04375
Sedan 0.8998579545454546 0.18125 0.046875 0.0625
Sedan 0.9651988636363636 0.17083333333333334 0.04403409090909091 0.058333333333333334
Sedan 0.9495738636363636 0.22604166666666667 0.052556818181818184 0.07291666666666667
Sedan 0.7237215909090909 0.43333333333333335 0.14914772727272727 0.20416666666666666
