Sedan 0.7208806818181819 0.16354166666666667 0.04403409090909091 0.052083333333333336
Sedan 0.7464488636363636 0.14895833333333333 0.03835227272727273 0.052083333333333336
Sedan 0.7876420454545455 0.13125 0.03551136363636364 0.041666666666666664
Scooter 0.03551136363636364 0.39479166666666665 0.07102272727272728 0.13541666666666666
Sedan 0.5362215909090909 0.240625 0.09801136363636363 0.11041666666666666
Sedan 0.12286931818181819 0.7572916666666667 0.24573863636363638 0.32708333333333334
Sedan 0.9495738636363636 0.134375 0.029829545454545456 0.03958333333333333
Sedan 0.90625 0.16145833333333334 0.03977272727272727 0.052083333333333336
Sedan 0.8799715909090909 0.21979166666666666 0.05539772727272727 0.07291666666666667
Sedan 0.9651988636363636 0.2125 0.052556818181818184 0.07916666666666666
Sedan 0.9247159090909092 0.3125 0.09090909090909091 0.12083333333333333
Sedan 0.30823863636363635 0.8364583333333333 0.4744318181818182 0.3229166666666667
