Sedan 0.7208806818181819 0.16354166666666667 0.04403409090909091 0.052083333333333336
Sedan 0.7464488636363636 0.14895833333333333 0.03835227272727273 0.052083333333333336
Sedan 0.7876420454545455 0.13125 0.03551136363636364 0.041666666666666664
Scooter 0.03622159090909091 0.3958333333333333 0.06960227272727273 0.14583333333333334
Sedan 0.9005681818181819 0.171875 0.03977272727272727 0.052083333333333336
Scooter 0.9680397727272727 0.16458333333333333 0.018465909090909092 0.05416666666666667
Sedan 0.5404829545454546 0.2375 0.09801136363636363 0.10833333333333334
Sedan 0.9034090909090909 0.13125 0.03125 0.041666666666666664
Sedan 0.9495738636363636 0.134375 0.032670454545454544 0.04375
Scooter 0.9723011363636364 0.20625 0.026988636363636364 0.07083333333333333
Sedan 0.8416193181818182 0.2708333333333333 0.08096590909090909 0.10416666666666667
Scooter 0.9744318181818182 0.328125 0.036931818181818184 0.11458333333333333
Scooter 0.8970170454545455 0.3458333333333333 0.041193181818181816 0.125
Sedan 0.5795454545454546 0.684375 0.2215909090909091 0.3145833333333333
