Sedan 0.7208806818181819 0.16354166666666667 0.04403409090909091 0.052083333333333336
Sedan 0.7464488636363636 0.14895833333333333 0.03835227272727273 0.052083333333333336
Sedan 0.7876420454545455 0.13125 0.03551136363636364 0.041666666666666664
Scooter 0.03622159090909091 0.396875 0.07244318181818182 0.13541666666666666
Sedan 0.9119318181818182 0.12291666666666666 0.02840909090909091 0.0375
Sedan 0.5376420454545454 0.24375 0.09232954545454546 0.10416666666666667
Scooter 0.9609375 0.134375 0.01278409090909091 0.03958333333333333
Sedan 0.9034090909090909 0.15625 0.03977272727272727 0.05416666666666667
Scooter 0.9836647727272727 0.18020833333333333 0.018465909090909092 0.05625
Scooter 0.9488636363636364 0.17083333333333334 0.017045454545454544 0.05
Sedan 0.8728693181818182 0.22916666666666666 0.05823863636363637 0.075
Truck 0.8977272727272727 0.2864583333333333 0.09090909090909091 0.13958333333333334
Sedan 0.8174715909090909 0.646875 0.171875 0.3020833333333333
