Sedan 0.7208806818181819 0.16354166666666667 0.04403409090909091 0.052083333333333336
Sedan 0.7464488636363636 0.14895833333333333 0.03835227272727273 0.052083333333333336
Sedan 0.7876420454545455 0.13125 0.03551136363636364 0.041666666666666664
Scooter 0.03551136363636364 0.39479166666666665 0.07102272727272728 0.14375
Sedan 0.5376420454545454 0.23854166666666665 0.09232954545454546 0.10208333333333333
Sedan 0.41548295454545453 0.5072916666666667 0.2002840909090909 0.22291666666666665
Sedan 0.9509943181818182 0.14166666666666666 0.032670454545454544 0.0375
Sedan 0.9019886363636364 0.17395833333333333 0.04261363636363637 0.05625
Sedan 0.8664772727272727 0.24583333333333332 0.0625 0.08333333333333333
Sedan 0.9602272727272727 0.240625 0.06534090909090909 0.08958333333333333
Sedan 0.9055397727272727 0.3770833333333333 0.10653409090909091 0.14583333333333334
