Sedan 0.7208806818181819 0.16354166666666667 0.04403409090909091 0.052083333333333336
Sedan 0.7464488636363636 0.14895833333333333 0.03835227272727273 0.052083333333333336
Sedan 0.7876420454545455 0.13125 0.03551136363636364 0.041666666666666664
Scooter 0.037642045454545456 0.4 0.07528409090909091 0.14583333333333334
Sedan 0.5362215909090909 0.240625 0.09801136363636363 0.10208333333333333
Bus 0.9140625 0.10416666666666667 0.041193181818181816 0.08333333333333333
Scooter 0.9772727272727273 0.15520833333333334 0.019886363636363636 0.05625
Sedan 0.953125 0.19375 0.045454545454545456 0.058333333333333334
Sedan 0.8813920454545455 0.18229166666666666 0.046875 0.06041666666666667
Sedan 0.890625 0.22395833333333334 0.05681818181818182 0.07708333333333334
Sedan 0.8252840909090909 0.284375 0.08238636363636363 0.11458333333333333
Sedan 0.8998579545454546 0.3927083333333333 0.11221590909090909 0.17291666666666666
