Sedan 0.7208806818181819 0.16354166666666667 0.04403409090909091 0.052083333333333336
Sedan 0.7464488636363636 0.14895833333333333 0.03835227272727273 0.052083333333333336
Sedan 0.7876420454545455 0.13125 0.03551136363636364 0.041666666666666664
Scooter 0.03409090909090909 0.39479166666666665 0.06818181818181818 0.13541666666666666
Sedan 0.5369318181818182 0.23958333333333334 0.09659090909090909 0.1125
Bus 0.9105113636363636 0.11770833333333333 0.05113636363636364 0.10208333333333333
Scooter 0.9879261363636364 0.17604166666666665 0.021306818181818184 0.06041666666666667
Sedan 0.9431818181818182 0.2520833333333333 0.0625 0.08333333333333333
Sedan 0.8401988636363636 0.23645833333333333 0.06676136363636363 0.07708333333333334
Sedan 0.8600852272727273 0.3229166666666667 0.08948863636363637 0.12083333333333333
Sedan 0.6875 0.46249999999999997 0.1590909090909091 0.2125
Sedan 0.7464488636363636 0.79375 0.2713068181818182 0.4083333333333333
