Sedan 0.7208806818181819 0.16354166666666667 0.04403409090909091 0.052083333333333336
Sedan 0.7464488636363636 0.14895833333333333 0.03835227272727273 0.052083333333333336
Sedan 0.7876420454545455 0.13125 0.03551136363636364 0.041666666666666664
Scooter 0.03551136363636364 0.3927083333333333 0.07102272727272728 0.14791666666666667
Sedan 0.5348011363636364 0.23854166666666665 0.09517045454545454 0.10208333333333333
Sedan 0.9474431818181819 0.128125 0.02840909090909091 0.03958333333333333
Sedan 0.9105113636363636 0.14895833333333333 0.036931818181818184 0.052083333333333336
Sedan 0.8934659090909091 0.196875 0.048295454545454544 0.06875
Sedan 0.9673295454545455 0.184375 0.05113636363636364 0.06458333333333333
Sedan 0.9424715909090909 0.2583333333333333 0.06960227272727273 0.09583333333333333
Sedan 0.6242897727272727 0.5677083333333334 0.203125 0.28541666666666665
