Sedan 0.7208806818181819 0.16354166666666667 0.04403409090909091 0.052083333333333336
Sedan 0.7464488636363636 0.14895833333333333 0.03835227272727273 0.052083333333333336
Sedan 0.7876420454545455 0.13125 0.03551136363636364 0.041666666666666664
Scooter 0.03551136363636364 0.396875 0.07102272727272728 0.13958333333333334
Sedan 0.5362215909090909 0.24270833333333333 0.09517045454545454 0.10625
Sedan 0.9105113636363636 0.1375 0.03409090909090909 0.04583333333333333
Sedan 0.8955965909090909 0.18645833333333334 0.041193181818181816 0.06041666666666667
Truck 0.9460227272727273 0.20416666666666666 0.05397727272727273 0.0875
Sedan 0.8671875 0.121875 0.026988636363636364 0.03958333333333333
Sedan 0.9083806818181819 0.37916666666666665 0.10085227272727273 0.15
