Sedan 0.7208806818181819 0.16354166666666667 0.04403409090909091 0.052083333333333336
Sedan 0.7464488636363636 0.14895833333333333 0.03835227272727273 0.052083333333333336
Sedan 0.7876420454545455 0.13125 0.03551136363636364 0.041666666666666664
Scooter 0.036931818181818184 0.39479166666666665 0.07386363636363637 0.14375
Sedan 0.5362215909090909 0.23854166666666665 0.09517045454545454 0.11041666666666666
Bus 0.9119318181818182 0.09791666666666667 0.04261363636363637 0.0875
Scooter 0.9715909090909092 0.14375 0.019886363636363636 0.05
Sedan 0.9559659090909092 0.18229166666666666 0.04261363636363637 0.06041666666666667
Sedan 0.8892045454545455 0.16979166666666667 0.045454545454545456 0.05625
Sedan 0.8977272727272727 0.20416666666666666 0.048295454545454544 0.06666666666666667
Sedan 0.8480113636363636 0.25625 0.06818181818181818 0.1
Sedan 0.9204545454545455 0.334375 0.09375 0.14791666666666667
