Sedan 0.7208806818181819 0.16354166666666667 0.04403409090909091 0.052083333333333336
Sedan 0.7464488636363636 0.14895833333333333 0.03835227272727273 0.052083333333333336
Sedan 0.7876420454545455 0.13125 0.03551136363636364 0.041666666666666664
Scooter 0.032670454545454544 0.396875 0.06534090909090909 0.13958333333333334
Sedan 0.5362215909090909 0.23958333333333334 0.09801136363636363 0.1125
Sedan 0.9112215909090909 0.1375 0.032670454545454544 0.04583333333333333
Sedan 0.8970170454545455 0.184375 0.041193181818181816 0.05625
Truck 0.9488636363636364 0.19583333333333333 0.05113636363636364 0.08333333333333333
Sedan 0.8657670454545455 0.121875 0.024147727272727272 0.03125
Sedan 0.9147727272727273 0.36041666666666666 0.09375 0.14583333333333334
Sedan 0.25142045454545453 0.8666666666666667 0.4431818181818182 0.2625
