Sedan 0.7208806818181819 0.16354166666666667 0.04403409090909091 0.052083333333333336
Sedan 0.7464488636363636 0.14895833333333333 0.03835227272727273 0.052083333333333336
Sedan 0.7876420454545455 0.13125 0.03551136363636364 0.041666666666666664
Scooter 0.03551136363636364 0.3989583333333333 0.07102272727272728 0.14375
Sedan 0.9119318181818182 0.12395833333333334 0.02840909090909091 0.035416666666666666
Sedan 0.5355113636363636 0.240625 0.09659090909090909 0.10625
Scooter 0.9651988636363636 0.140625 0.01278409090909091 0.04375
Sedan 0.9012784090909091 0.1625 0.04403409090909091 0.0625
Scooter 0.984375 0.18333333333333332 0.019886363636363636 0.05416666666666667
Scooter 0.9453125 0.178125 0.018465909090909092 0.05625
Sedan 0.8664772727272727 0.24479166666666666 0.0625 0.08541666666666667
Truck 0.8700284090909091 0.32708333333333334 0.10653409090909091 0.15833333333333333
Sedan 0.7606534090909091 0.8020833333333334 0.22017045454545456 0.39166666666666666
