Sedan 0.7208806818181819 0.16354166666666667 0.04403409090909091 0.052083333333333336
Sedan 0.7464488636363636 0.14895833333333333 0.03835227272727273 0.052083333333333336
Sedan 0.7876420454545455 0.13125 0.03551136363636364 0.041666666666666664
Scooter 0.033380681818181816 0.39479166666666665 0.06676136363636363 0.13958333333333334
Sedan 0.5362215909090909 0.23958333333333334 0.09801136363636363 0.1
Sedan 0.5340909090909091 0.41562499999999997 0.14772727272727273 0.17291666666666666
Sedan 0.953125 0.146875 0.03409090909090909 0.03958333333333333
Sedan 0.8970170454545455 0.18020833333333333 0.046875 0.05625
Sedan 0.8565340909090909 0.2625 0.06818181818181818 0.09166666666666666
Sedan 0.9573863636363636 0.26145833333333335 0.07102272727272728 0.09791666666666667
Sedan 0.8828125 0.4322916666666667 0.12073863636363637 0.17708333333333334
