Sedan 0.7208806818181819 0.16354166666666667 0.04403409090909091 0.052083333333333336
Sedan 0.7464488636363636 0.14895833333333333 0.03835227272727273 0.052083333333333336
Sedan 0.7876420454545455 0.13125 0.03551136363636364 0.041666666666666664
Scooter 0.03551136363636364 0.39375 0.07102272727272728 0.14583333333333334
Sedan 0.5362215909090909 0.240625 0.09232954545454546 0.10625
Sedan 0.9105113636363636 0.15625 0.03409090909090909 0.05
Sedan 0.9609375 0.14375 0.03551136363636364 0.0375
Sedan 0.9595170454545455 0.18333333333333332 0.04403409090909091 0.058333333333333334
Sedan 0.8217329545454546 0.30625 0.09232954545454546 0.125
Truck 0.8409090909090909 0.13645833333333332 0.03409090909090909 0.06875
