Sedan 0.7208806818181819 0.16354166666666667 0.04403409090909091 0.052083333333333336
Sedan 0.7464488636363636 0.14895833333333333 0.03835227272727273 0.052083333333333336
Sedan 0.7876420454545455 0.13125 0.03551136363636364 0.041666666666666664
Scooter 0.032670454545454544 0.3958333333333333 0.06534090909090909 0.14166666666666666
Sedan 0.9105113636363636 0.140625 0.03125 0.03958333333333333
Scooter 0.9602272727272727 0.13645833333333332 0.014204545454545456 0.04375
Sedan 0.5376420454545454 0.240625 0.09232954545454546 0.10625
Sedan 0.9055397727272727 0.11458333333333333 0.024147727272727272 0.0375
Sedan 0.9438920454545455 0.11562499999999999 0.024147727272727272 0.035416666666666666
Scooter 0.9730113636363636 0.1625 0.017045454545454544 0.05
Sedan 0.8870738636363636 0.19791666666666666 0.052556818181818184 0.075
Scooter 0.9850852272727273 0.22916666666666666 0.026988636363636364 0.08333333333333333
Scooter 0.9339488636363636 0.22708333333333333 0.029829545454545456 0.075
Sedan 0.8096590909090909 0.334375 0.09375 0.12708333333333333
Truck 0.5603693181818182 0.6791666666666667 0.27698863636363635 0.42916666666666664
