Sedan 0.7208806818181819 0.16354166666666667 0.04403409090909091 0.052083333333333336
Sedan 0.7464488636363636 0.14895833333333333 0.03835227272727273 0.052083333333333336
Sedan 0.7876420454545455 0.13125 0.03551136363636364 0.041666666666666664
Scooter 0.03409090909090909 0.4 0.06818181818181818 0.1375
Sedan 0.5355113636363636 0.24270833333333333 0.09375 0.10208333333333333
Sedan 0.734375 0.2583333333333333 0.06818181818181818 0.08333333333333333
Sedan 0.9566761363636364 0.16979166666666667 0.03551136363636364 0.05625
Sedan 0.8728693181818182 0.21979166666666666 0.05823863636363637 0.07708333333333334
Sedan 0.7890625 0.36666666666666664 0.10369318181818182 0.14166666666666666
Sedan 0.9268465909090909 0.39375 0.11789772727272728 0.17916666666666667
Sedan 0.6711647727272727 0.8572916666666667 0.3224431818181818 0.28125
