Sedan 0.7208806818181819 0.16354166666666667 0.04403409090909091 0.052083333333333336
Sedan 0.7464488636363636 0.14895833333333333 0.03835227272727273 0.052083333333333336
Sedan 0.7876420454545455 0.13125 0.03551136363636364 0.041666666666666664
Scooter 0.03551136363636364 0.3989583333333333 0.07102272727272728 0.13958333333333334
Sedan 0.9083806818181819 0.15208333333333332 0.03551136363636364 0.04583333333333333
Scooter 0.9630681818181819 0.146875 0.017045454545454544 0.04791666666666666
Sedan 0.5355113636363636 0.23958333333333334 0.09943181818181819 0.1125
Sedan 0.90625 0.121875 0.02840909090909091 0.035416666666666666
Sedan 0.9467329545454546 0.12083333333333333 0.026988636363636364 0.0375
Scooter 0.9730113636363636 0.178125 0.017045454545454544 0.06458333333333333
Sedan 0.8707386363636364 0.225 0.06534090909090909 0.08333333333333333
Scooter 0.9815340909090909 0.2604166666666667 0.02840909090909091 0.09166666666666666
Scooter 0.9211647727272727 0.26458333333333334 0.032670454545454544 0.09166666666666666
Sedan 0.7464488636363636 0.434375 0.12642045454545456 0.17708333333333334
