Sedan 0.7208806818181819 0.16354166666666667 0.04403409090909091 0.052083333333333336
Sedan 0.7464488636363636 0.14895833333333333 0.03835227272727273 0.052083333333333336
Sedan 0.7876420454545455 0.13125 0.03551136363636364 0.041666666666666664
Scooter 0.037642045454545456 0.396875 0.07528409090909091 0.14375
Sedan 0.5390625 0.23645833333333333 0.09517045454545454 0.10625
Bus 0.9012784090909091 0.15 0.06960227272727273 0.13333333333333333
Scooter 0.9893465909090909 0.23124999999999998 0.018465909090909092 0.0625
Sedan 0.9076704545454546 0.36666666666666664 0.09659090909090909 0.13333333333333333
Sedan 0.7272727272727273 0.3854166666666667 0.11931818181818182 0.1625
Sedan 0.7151988636363636 0.7052083333333333 0.21732954545454547 0.3645833333333333
