Sedan 0.7208806818181819 0.16354166666666667 0.04403409090909091 0.052083333333333336
Sedan 0.7464488636363636 0.14895833333333333 0.03835227272727273 0.052083333333333336
Sedan 0.7876420454545455 0.13125 0.03551136363636364 0.041666666666666664
Scooter 0.03480113636363637 0.39479166666666665 0.06960227272727273 0.14375
Sedan 0.5362215909090909 0.23958333333333334 0.09517045454545454 0.1
Sedan 0.9112215909090909 0.15416666666666667 0.03551136363636364 0.05
Sedan 0.9616477272727273 0.13958333333333334 0.036931818181818184 0.041666666666666664
Sedan 0.9588068181818182 0.17708333333333334 0.04261363636363637 0.058333333333333334
Sedan 0.8330965909090909 0.2916666666666667 0.08380681818181819 0.125
Truck 0.8401988636363636 0.1375 0.032670454545454544 0.06666666666666667
