Sedan 0.7208806818181819 0.16354166666666667 0.04403409090909091 0.052083333333333336
Sedan 0.7464488636363636 0.14895833333333333 0.03835227272727273 0.052083333333333336
Sedan 0.7876420454545455 0.13125 0.03551136363636364 0.041666666666666664
Scooter 0.03409090909090909 0.3989583333333333 0.06818181818181818 0.13541666666666666
Sedan 0.9126420454545455 0.11979166666666667 0.026988636363636364 0.035416666666666666
Sedan 0.5355113636363636 0.2375 0.09659090909090909 0.10833333333333334
Sedan 0.9069602272727273 0.153125 0.03835227272727273 0.052083333333333336
Scooter 0.9815340909090909 0.175 0.019886363636363636 0.05416666666666667
Scooter 0.9495738636363636 0.16875 0.018465909090909092 0.05
Sedan 0.8785511363636364 0.225 0.061079545454545456 0.07916666666666666
Truck 0.9090909090909092 0.2739583333333333 0.08238636363636363 0.12291666666666666
Sedan 0.8373579545454546 0.5854166666666667 0.15482954545454547 0.2708333333333333
