Sedan 0.7208806818181819 0.16354166666666667 0.04403409090909091 0.052083333333333336
Sedan 0.7464488636363636 0.14895833333333333 0.03835227272727273 0.052083333333333336
Sedan 0.7876420454545455 0.13125 0.03551136363636364 0.041666666666666664
Scooter 0.033380681818181816 0.39479166666666665 0.06676136363636363 0.14375
Sedan 0.5369318181818182 0.240625 0.09090909090909091 0.10208333333333333
Sedan 0.9112215909090909 0.14895833333333333 0.032670454545454544 0.04791666666666666
Sedan 0.9595170454545455 0.13229166666666667 0.03551136363636364 0.03958333333333333
Sedan 0.9595170454545455 0.16770833333333332 0.041193181818181816 0.052083333333333336
Sedan 0.8487215909090909 0.26458333333333334 0.07528409090909091 0.10833333333333334
Truck 0.8316761363636364 0.14479166666666665 0.03835227272727273 0.07291666666666667
