Sedan 0.7208806818181819 0.16354166666666667 0.04403409090909091 0.052083333333333336
Sedan 0.7464488636363636 0.14895833333333333 0.03835227272727273 0.052083333333333336
Sedan 0.7876420454545455 0.13125 0.03551136363636364 0.041666666666666664
Scooter 0.03551136363636364 0.39791666666666664 0.07102272727272728 0.15
Sedan 0.5355113636363636 0.23854166666666665 0.09659090909090909 0.10208333333333333
Bus 0.9055397727272727 0.14166666666666666 0.06392045454545454 0.125
Scooter 0.9907670454545455 0.21562499999999998 0.015625 0.06458333333333333
Sedan 0.9232954545454546 0.3229166666666667 0.08238636363636363 0.1125
Sedan 0.7748579545454546 0.325 0.09517045454545454 0.13333333333333333
Sedan 0.7897727272727273 0.5135416666666667 0.14772727272727273 0.22291666666666665
Sedan 0.22230113636363638 0.871875 0.44460227272727276 0.2520833333333333
