Sedan 0.7208806818181819 0.16354166666666667 0.04403409090909091 0.052083333333333336
Sedan 0.7464488636363636 0.14895833333333333 0.03835227272727273 0.052083333333333336
Sedan 0.7876420454545455 0.13125 0.03551136363636364 0.041666666666666664
Scooter 0.03480113636363637 0.3989583333333333 0.06960227272727273 0.14791666666666667
Sedan 0.9112215909090909 0.134375 0.029829545454545456 0.04375
Scooter 0.9573863636363636 0.13020833333333334 0.014204545454545456 0.04375
Sedan 0.5397727272727273 0.23958333333333334 0.09090909090909091 0.10416666666666667
Scooter 0.9715909090909092 0.153125 0.019886363636363636 0.052083333333333336
Sedan 0.8948863636363636 0.18020833333333333 0.048295454545454544 0.06458333333333333
Scooter 0.9865056818181819 0.20729166666666665 0.024147727272727272 0.06875
Scooter 0.9410511363636364 0.20104166666666667 0.026988636363636364 0.06875
Sedan 0.8380681818181819 0.29270833333333335 0.07670454545454546 0.10625
Truck 0.7428977272727273 0.46041666666666664 0.16761363636363638 0.25416666666666665
