Sedan 0.7208806818181819 0.16354166666666667 0.04403409090909091 0.052083333333333336
Sedan 0.7464488636363636 0.14895833333333333 0.03835227272727273 0.052083333333333336
Sedan 0.7876420454545455 0.13125 0.03551136363636364 0.041666666666666664
Scooter 0.03551136363636364 0.39479166666666665 0.07102272727272728 0.13125
Sedan 0.5390625 0.24270833333333333 0.10085227272727273 0.09791666666666667
Sedan 0.28125 0.5614583333333333 0.2869318181818182 0.34375
Bus 0.8821022727272727 0.178125 0.10227272727272728 0.16875
Scooter 0.9850852272727273 0.2864583333333333 0.026988636363636364 0.09375
Sedan 0.8387784090909091 0.5645833333333333 0.15767045454545456 0.23333333333333334
Sedan 0.4616477272727273 0.7354166666666666 0.29545454545454547 0.3958333333333333
