Sedan 0.7208806818181819 0.16354166666666667 0.04403409090909091 0.052083333333333336
Sedan 0.7464488636363636 0.14895833333333333 0.03835227272727273 0.052083333333333336
Sedan 0.7876420454545455 0.13125 0.03551136363636364 0.041666666666666664
Scooter 0.03480113636363637 0.39375 0.06960227272727273 0.14583333333333334
Sedan 0.5355113636363636 0.23541666666666666 0.09659090909090909 0.10416666666666667
Sedan 0.6484375 0.3229166666666667 0.10085227272727273 0.1125
Sedan 0.9538352272727273 0.15416666666666667 0.03551136363636364 0.05
Sedan 0.8884943181818182 0.19583333333333333 0.05539772727272727 0.06666666666666667
Sedan 0.8323863636363636 0.3 0.07954545454545454 0.10416666666666667
Sedan 0.9488636363636364 0.303125 0.09090909090909091 0.12291666666666666
Sedan 0.8316761363636364 0.578125 0.16619318181818182 0.25625
