Sedan 0.7208806818181819 0.16354166666666667 0.04403409090909091 0.052083333333333336
Sedan 0.7464488636363636 0.14895833333333333 0.03835227272727273 0.052083333333333336
Sedan 0.7876420454545455 0.13125 0.03551136363636364 0.041666666666666664
Scooter 0.03551136363636364 0.40208333333333335 0.07102272727272728 0.14166666666666666
Sedan 0.5383522727272727 0.2375 0.09659090909090909 0.10833333333333334
Sedan 0.9083806818181819 0.14270833333333333 0.032670454545454544 0.04791666666666666
Truck 0.9517045454545455 0.140625 0.036931818181818184 0.06041666666666667
Sedan 0.8338068181818182 0.16875 0.036931818181818184 0.05
Sedan 0.953125 0.22604166666666667 0.05397727272727273 0.07291666666666667
Sedan 0.7755681818181819 0.34791666666666665 0.10511363636363637 0.13333333333333333
Sedan 0.3068181818181818 0.9 0.39488636363636365 0.19583333333333333
