Sedan 0.7208806818181819 0.16354166666666667 0.04403409090909091 0.052083333333333336
Sedan 0.7464488636363636 0.14895833333333333 0.03835227272727273 0.052083333333333336
Sedan 0.7876420454545455 0.13125 0.03551136363636364 0.041666666666666664
Scooter 0.033380681818181816 0.3927083333333333 0.06676136363636363 0.13541666666666666
Sedan 0.5390625 0.24166666666666667 0.09517045454545454 0.10833333333333334
Sedan 0.4481534090909091 0.44166666666666665 0.19744318181818182 0.2375
Bus 0.8721590909090909 0.18854166666666666 0.11363636363636365 0.18958333333333333
Scooter 0.984375 0.309375 0.02840909090909091 0.10208333333333333
Sedan 0.7982954545454546 0.68125 0.1903409090909091 0.30833333333333335
Sedan 0.24573863636363638 0.8520833333333333 0.45738636363636365 0.2916666666666667
