Sedan 0.7208806818181819 0.16354166666666667 0.04403409090909091 0.052083333333333336
Sedan 0.7464488636363636 0.14895833333333333 0.03835227272727273 0.052083333333333336
Sedan 0.7876420454545455 0.13125 0.03551136363636364 0.041666666666666664
Scooter 0.033380681818181816 0.396875 0.06676136363636363 0.14791666666666667
Sedan 0.9055397727272727 0.16354166666666667 0.041193181818181816 0.052083333333333336
Scooter 0.9651988636363636 0.15520833333333334 0.018465909090909092 0.052083333333333336
Sedan 0.5355113636363636 0.24166666666666667 0.09375 0.10833333333333334
Sedan 0.9034090909090909 0.12604166666666666 0.02840909090909091 0.03958333333333333
Sedan 0.9502840909090909 0.13125 0.02840909090909091 0.04583333333333333
Scooter 0.9737215909090909 0.19479166666666667 0.021306818181818184 0.06041666666666667
Sedan 0.8558238636363636 0.24895833333333334 0.07244318181818182 0.09375
Scooter 0.9779829545454546 0.2947916666666667 0.029829545454545456 0.10208333333333333
Scooter 0.9076704545454546 0.30833333333333335 0.03977272727272727 0.1125
Sedan 0.6683238636363636 0.546875 0.16335227272727273 0.23541666666666666
