Scooter 0.033380681818181816 0.39791666666666664 0.06676136363636363 0.1375
Sedan 0.5376420454545454 0.240625 0.09801136363636363 0.11041666666666666
Bus 0.9133522727272727 0.10208333333333333 0.04261363636363637 0.07916666666666666
Scooter 0.9744318181818182 0.14479166666666665 0.019886363636363636 0.052083333333333336
Sedan 0.9559659090909092 0.1875 0.04261363636363637 0.05416666666666667
Sedan 0.8870738636363636 0.175 0.041193181818181816 0.05416666666666667
Sedan 0.8977272727272727 0.20625 0.05681818181818182 0.075
Sedan 0.8416193181818182 0.26458333333333334 0.07528409090909091 0.10416666666666667
Sedan 0.9154829545454546 0.35 0.09801136363636363 0.15833333333333333
Sedan 0.7194602272727273 0.16354166666666667 0.041193181818181816 0.052083333333333336
Sedan 0.7464488636363636 0.153125 0.041193181818181816 0.04791666666666666
Sedan 0.7876420454545455 0.1375 0.032670454545454544 0.04583333333333333
