Sedan 0.7208806818181819 0.16354166666666667 0.04403409090909091 0.052083333333333336
Sedan 0.7464488636363636 0.14895833333333333 0.03835227272727273 0.052083333333333336
Sedan 0.7876420454545455 0.13125 0.03551136363636364 0.041666666666666664
Scooter 0.03551136363636364 0.3958333333333333 0.07102272727272728 0.15
Sedan 0.5355113636363636 0.24270833333333333 0.09943181818181819 0.11041666666666666
Sedan 0.9112215909090909 0.128125 0.029829545454545456 0.035416666666666666
Sedan 0.90625 0.16458333333333333 0.03977272727272727 0.058333333333333334
Sedan 0.9630681818181819 0.15208333333333332 0.036931818181818184 0.04583333333333333
Sedan 0.9566761363636364 0.19479166666666667 0.046875 0.06875
Sedan 0.7975852272727273 0.3375 0.10085227272727273 0.14583333333333334
Truck 0.8487215909090909 0.13229166666666667 0.032670454545454544 0.06458333333333333
