Sedan 0.7208806818181819 0.16354166666666667 0.04403409090909091 0.052083333333333336
Sedan 0.7464488636363636 0.14895833333333333 0.03835227272727273 0.052083333333333336
Sedan 0.7876420454545455 0.13125 0.03551136363636364 0.041666666666666664
Scooter 0.03551136363636364 0.3989583333333333 0.07102272727272728 0.13541666666666666
Sedan 0.5390625 0.23854166666666665 0.10369318181818182 0.10208333333333333
Sedan 0.9048295454545455 0.146875 0.036931818181818184 0.04791666666666666
Scooter 0.9786931818181819 0.16666666666666666 0.014204545454545456 0.05
Scooter 0.9509943181818182 0.15625 0.015625 0.05
Sedan 0.8856534090909091 0.21041666666666667 0.049715909090909095 0.07083333333333333
Truck 0.9275568181818182 0.24270833333333333 0.06818181818181818 0.10625
Sedan 0.8686079545454546 0.48854166666666665 0.12926136363636365 0.20625
