Sedan 0.7208806818181819 0.16354166666666667 0.04403409090909091 0.052083333333333336
Sedan 0.7464488636363636 0.14895833333333333 0.03835227272727273 0.052083333333333336
Sedan 0.7876420454545455 0.13125 0.03551136363636364 0.041666666666666664
Scooter 0.03622159090909091 0.39479166666666665 0.07244318181818182 0.14375
Sedan 0.5383522727272727 0.240625 0.09375 0.11041666666666666
Bus 0.9090909090909092 0.12604166666666666 0.05397727272727273 0.10625
Scooter 0.9893465909090909 0.18645833333333334 0.018465909090909092 0.06041666666666667
Sedan 0.9382102272727273 0.26979166666666665 0.06392045454545454 0.08541666666666667
Sedan 0.8259943181818182 0.25729166666666664 0.07528409090909091 0.09375
Sedan 0.84375 0.359375 0.09943181818181819 0.13958333333333334
Sedan 0.6136363636363636 0.5552083333333333 0.20170454545454547 0.26458333333333334
Sedan 0.6640625 0.8854166666666666 0.31107954545454547 0.225
