Sedan 0.7208806818181819 0.16354166666666667 0.04403409090909091 0.052083333333333336
Sedan 0.7464488636363636 0.14895833333333333 0.03835227272727273 0.052083333333333336
Sedan 0.7876420454545455 0.13125 0.03551136363636364 0.041666666666666664
Scooter 0.03551136363636364 0.396875 0.07102272727272728 0.14375
Sedan 0.5362215909090909 0.24166666666666667 0.09801136363636363 0.1
Bus 0.9126420454545455 0.11041666666666666 0.046875 0.09166666666666666
Scooter 0.9829545454545455 0.16145833333333334 0.022727272727272728 0.05625
Sedan 0.9502840909090909 0.21770833333333334 0.05113636363636364 0.06875
Sedan 0.8650568181818182 0.20416666666666666 0.05397727272727273 0.07083333333333333
Sedan 0.8792613636363636 0.2583333333333333 0.06818181818181818 0.09166666666666666
Sedan 0.7819602272727273 0.3416666666666667 0.10653409090909091 0.14166666666666666
Sedan 0.8600852272727273 0.509375 0.14914772727272727 0.26458333333333334
