Sedan 0.7208806818181819 0.16354166666666667 0.04403409090909091 0.052083333333333336
Sedan 0.7464488636363636 0.14895833333333333 0.03835227272727273 0.052083333333333336
Sedan 0.7876420454545455 0.13125 0.03551136363636364 0.041666666666666664
Scooter 0.03409090909090909 0.39791666666666664 0.06818181818181818 0.13333333333333333
Sedan 0.5383522727272727 0.240625 0.09659090909090909 0.10208333333333333
Sedan 0.9090909090909092 0.13958333333333334 0.03409090909090909 0.05
Scooter 0.9751420454545455 0.16041666666666665 0.015625 0.05416666666666667
Sedan 0.8913352272727273 0.19375 0.04403409090909091 0.0625
Truck 0.9396306818181819 0.21979166666666666 0.06392045454545454 0.10208333333333333
Sedan 0.8934659090909091 0.42083333333333334 0.11079545454545454 0.17083333333333334
