Sedan 0.7208806818181819 0.16354166666666667 0.04403409090909091 0.052083333333333336
Sedan 0.7464488636363636 0.14895833333333333 0.03835227272727273 0.052083333333333336
Sedan 0.7876420454545455 0.13125 0.03551136363636364 0.041666666666666664
Scooter 0.03551136363636364 0.39479166666666665 0.07102272727272728 0.14375
Sedan 0.5369318181818182 0.240625 0.09659090909090909 0.11458333333333333
Sedan 0.9119318181818182 0.134375 0.02840909090909091 0.035416666666666666
Sedan 0.9055397727272727 0.17083333333333334 0.041193181818181816 0.058333333333333334
Sedan 0.9659090909090909 0.16041666666666665 0.03977272727272727 0.05416666666666667
Sedan 0.9545454545454546 0.20833333333333334 0.05113636363636364 0.075
Sedan 0.7677556818181819 0.38125 0.12073863636363637 0.16666666666666666
Truck 0.8536931818181819 0.125 0.03125 0.058333333333333334
