Sedan 0.7208806818181819 0.16354166666666667 0.04403409090909091 0.052083333333333336
Sedan 0.7464488636363636 0.14895833333333333 0.03835227272727273 0.052083333333333336
Sedan 0.7876420454545455 0.13125 0.03551136363636364 0.041666666666666664
Scooter 0.03480113636363637 0.39375 0.06676136363636363 0.1375
Sedan 0.5355113636363636 0.23854166666666665 0.09375 0.11041666666666666
Bus 0.9083806818181819 0.13229166666666667 0.06392045454545454 0.11875
Scooter 0.9893465909090909 0.20625 0.018465909090909092 0.058333333333333334
Sedan 0.9296875 0.3020833333333333 0.078125 0.10833333333333334
Sedan 0.7975852272727273 0.29583333333333334 0.08380681818181819 0.11666666666666667
Sedan 0.8146306818181819 0.44479166666666664 0.12357954545454546 0.17708333333333334
Sedan 0.41832386363636365 0.7864583333333334 0.34801136363636365 0.42291666666666666
