Sedan 0.7208806818181819 0.16354166666666667 0.04403409090909091 0.052083333333333336
Sedan 0.7464488636363636 0.14895833333333333 0.03835227272727273 0.052083333333333336
Sedan 0.7876420454545455 0.13125 0.03551136363636364 0.041666666666666664
Scooter 0.03551136363636364 0.39791666666666664 0.07102272727272728 0.1375
Sedan 0.5362215909090909 0.23854166666666665 0.09517045454545454 0.10625
Sedan 0.9083806818181819 0.13958333333333334 0.029829545454545456 0.04583333333333333
Truck 0.9502840909090909 0.1375 0.03409090909090909 0.05416666666666667
Sedan 0.828125 0.16770833333333332 0.03977272727272727 0.04791666666666666
Sedan 0.953125 0.22083333333333333 0.05397727272727273 0.075
Sedan 0.7876420454545455 0.33229166666666665 0.09517045454545454 0.13125
Sedan 0.3678977272727273 0.8458333333333333 0.42613636363636365 0.30416666666666664
