Sedan 0.7208806818181819 0.16354166666666667 0.04403409090909091 0.052083333333333336
Sedan 0.7464488636363636 0.14895833333333333 0.03835227272727273 0.052083333333333336
Sedan 0.7876420454545455 0.13125 0.03551136363636364 0.041666666666666664
Scooter 0.03551136363636364 0.3958333333333333 0.06818181818181818 0.14166666666666666
Sedan 0.8970170454545455 0.184375 0.046875 0.06041666666666667
Scooter 0.9666193181818182 0.17395833333333333 0.015625 0.06458333333333333
Sedan 0.5369318181818182 0.24166666666666667 0.09090909090909091 0.10416666666666667
Sedan 0.9026988636363636 0.13854166666666667 0.032670454545454544 0.04375
Sedan 0.9545454545454546 0.1375 0.03125 0.04583333333333333
Sedan 0.10369318181818182 0.76875 0.20738636363636365 0.375
Scooter 0.9708806818181819 0.21770833333333334 0.024147727272727272 0.07708333333333334
Sedan 0.8224431818181819 0.29791666666666666 0.08806818181818182 0.125
Scooter 0.9694602272727273 0.3729166666666667 0.041193181818181816 0.12916666666666665
Scooter 0.8778409090909091 0.4010416666666667 0.048295454545454544 0.13958333333333334
Sedan 0.41051136363636365 0.840625 0.33238636363636365 0.3145833333333333
