Sedan 0.7208806818181819 0.16354166666666667 0.04403409090909091 0.052083333333333336
Sedan 0.7464488636363636 0.14895833333333333 0.03835227272727273 0.052083333333333336
Sedan 0.7876420454545455 0.13125 0.03551136363636364 0.041666666666666664
Scooter 0.036931818181818184 0.39791666666666664 0.07386363636363637 0.13333333333333333
Sedan 0.5369318181818182 0.23854166666666665 0.09659090909090909 0.11041666666666666
Sedan 0.6981534090909091 0.2864583333333333 0.08380681818181819 0.09791666666666667
Sedan 0.9545454545454546 0.16354166666666667 0.03977272727272727 0.052083333333333336
Sedan 0.8792613636363636 0.20833333333333334 0.05113636363636364 0.075
Sedan 0.8125 0.3302083333333333 0.09090909090909091 0.12708333333333333
Sedan 0.9403409090909092 0.346875 0.10227272727272728 0.14791666666666667
Sedan 0.7677556818181819 0.7604166666666666 0.2315340909090909 0.3958333333333333
