Sedan 0.7208806818181819 0.16354166666666667 0.04403409090909091 0.052083333333333336
Sedan 0.7464488636363636 0.14895833333333333 0.03835227272727273 0.052083333333333336
Sedan 0.7876420454545455 0.13125 0.03551136363636364 0.041666666666666664
Scooter 0.03409090909090909 0.3958333333333333 0.06818181818181818 0.15
Sedan 0.5390625 0.240625 0.09517045454545454 0.10208333333333333
Sedan 0.9090909090909092 0.128125 0.02840909090909091 0.03958333333333333
Truck 0.9460227272727273 0.12604166666666666 0.03125 0.052083333333333336
Sedan 0.7940340909090909 0.203125 0.048295454545454544 0.06458333333333333
Sedan 0.9552556818181819 0.19166666666666665 0.04403409090909091 0.0625
Sedan 0.8409090909090909 0.26666666666666666 0.07102272727272728 0.1
Sedan 0.6775568181818182 0.54375 0.17329545454545456 0.24166666666666667
Sedan 0.8565340909090909 0.628125 0.19602272727272727 0.3145833333333333
