Sedan 0.7208806818181819 0.16354166666666667 0.04403409090909091 0.052083333333333336
Sedan 0.7464488636363636 0.14895833333333333 0.03835227272727273 0.052083333333333336
Sedan 0.7876420454545455 0.13125 0.03551136363636364 0.041666666666666664
Scooter 0.03409090909090909 0.39791666666666664 0.06818181818181818 0.13333333333333333
Sedan 0.5355113636363636 0.23854166666666665 0.09375 0.10625
Sedan 0.9119318181818182 0.13125 0.03125 0.041666666666666664
Truck 0.9481534090909092 0.13020833333333334 0.029829545454545456 0.04791666666666666
Sedan 0.8082386363636364 0.18854166666666666 0.045454545454545456 0.06458333333333333
Sedan 0.9559659090909092 0.20208333333333334 0.048295454545454544 0.06666666666666667
Sedan 0.8224431818181819 0.28541666666666665 0.07954545454545454 0.10416666666666667
Sedan 0.5994318181818182 0.6520833333333333 0.23011363636363638 0.31666666666666665
Sedan 0.8046875 0.79375 0.25426136363636365 0.4083333333333333
