Sedan 0.7208806818181819 0.16354166666666667 0.04403409090909091 0.052083333333333336
Sedan 0.7464488636363636 0.14895833333333333 0.03835227272727273 0.052083333333333336
Sedan 0.7876420454545455 0.13125 0.03551136363636364 0.041666666666666664
Scooter 0.03480113636363637 0.3989583333333333 0.06960227272727273 0.13958333333333334
Sedan 0.9112215909090909 0.1375 0.029829545454545456 0.04583333333333333
Scooter 0.9573863636363636 0.13229166666666667 0.011363636363636364 0.03958333333333333
Sedan 0.5390625 0.23958333333333334 0.09801136363636363 0.10416666666666667
Scooter 0.9708806818181819 0.15416666666666667 0.01278409090909091 0.05416666666666667
Sedan 0.8913352272727273 0.18541666666666667 0.049715909090909095 0.06666666666666667
Scooter 0.9850852272727273 0.21041666666666667 0.026988636363636364 0.07083333333333333
Scooter 0.9382102272727273 0.21041666666666667 0.026988636363636364 0.07083333333333333
Sedan 0.8302556818181819 0.3072916666666667 0.08096590909090909 0.11458333333333333
Truck 0.6988636363636364 0.5166666666666666 0.1846590909090909 0.2875
