Sedan 0.7208806818181819 0.16354166666666667 0.04403409090909091 0.052083333333333336
Sedan 0.7464488636363636 0.14895833333333333 0.03835227272727273 0.052083333333333336
Sedan 0.7876420454545455 0.13125 0.03551136363636364 0.041666666666666664
Scooter 0.03480113636363637 0.39479166666666665 0.06960227272727273 0.14375
Sedan 0.5369318181818182 0.23854166666666665 0.09659090909090909 0.11041666666666666
Sedan 0.9474431818181819 0.13125 0.02840909090909091 0.041666666666666664
Sedan 0.9083806818181819 0.15416666666666667 0.03835227272727273 0.05
Sedan 0.8863636363636364 0.20416666666666666 0.05113636363636364 0.06666666666666667
Sedan 0.9673295454545455 0.19583333333333333 0.05113636363636364 0.07083333333333333
Sedan 0.9346590909090909 0.28020833333333334 0.07670454545454546 0.11041666666666666
Sedan 0.5191761363636364 0.709375 0.27982954545454547 0.3854166666666667
