Sedan 0.7208806818181819 0.16354166666666667 0.04403409090909091 0.052083333333333336
Sedan 0.7464488636363636 0.14895833333333333 0.03835227272727273 0.052083333333333336
Sedan 0.7876420454545455 0.13125 0.03551136363636364 0.041666666666666664
Scooter 0.03409090909090909 0.396875 0.06818181818181818 0.13958333333333334
Sedan 0.5369318181818182 0.23854166666666665 0.09659090909090909 0.10208333333333333
Sedan 0.9034090909090909 0.1625 0.03409090909090909 0.05416666666666667
Truck 0.9552556818181819 0.16979166666666667 0.041193181818181816 0.07291666666666667
Sedan 0.8586647727272727 0.1375 0.029829545454545456 0.0375
Sedan 0.9332386363636364 0.29375 0.07670454545454546 0.10416666666666667
Sedan 0.5880681818181819 0.5875 0.20454545454545456 0.2708333333333333
