Sedan 0.7208806818181819 0.16354166666666667 0.04403409090909091 0.052083333333333336
Sedan 0.7464488636363636 0.14895833333333333 0.03835227272727273 0.052083333333333336
Sedan 0.7876420454545455 0.13125 0.03551136363636364 0.041666666666666664
Scooter 0.03480113636363637 0.39791666666666664 0.06960227272727273 0.1375
Sedan 0.5369318181818182 0.2375 0.09659090909090909 0.10416666666666667
Sedan 0.1747159090909091 0.6375 0.3494318181818182 0.4041666666666667
Bus 0.8856534090909091 0.16875 0.10085227272727273 0.1625
Scooter 0.9865056818181819 0.278125 0.024147727272727272 0.07708333333333334
Sedan 0.8501420454545455 0.5270833333333333 0.14630681818181818 0.2125
Sedan 0.5248579545454546 0.6541666666666667 0.2428977272727273 0.3375
