Sedan 0.7208806818181819 0.16354166666666667 0.04403409090909091 0.052083333333333336
Sedan 0.7464488636363636 0.14895833333333333 0.03835227272727273 0.052083333333333336
Sedan 0.7876420454545455 0.13125 0.03551136363636364 0.041666666666666664
Scooter 0.03622159090909091 0.396875 0.07244318181818182 0.13541666666666666
Sedan 0.5355113636363636 0.24270833333333333 0.09659090909090909 0.10208333333333333
Bus 0.9126420454545455 0.09895833333333333 0.041193181818181816 0.08125
Sedan 0.9580965909090909 0.178125 0.03835227272727273 0.05625
Sedan 0.8955965909090909 0.15833333333333333 0.03835227272727273 0.05
Sedan 0.9005681818181819 0.18854166666666666 0.045454545454545456 0.06458333333333333
Sedan 0.8600852272727273 0.23854166666666665 0.06392045454545454 0.08958333333333333
Sedan 0.9318181818181819 0.30416666666666664 0.08522727272727273 0.12916666666666665
