Sedan 0.7208806818181819 0.16354166666666667 0.04403409090909091 0.052083333333333336
Sedan 0.7464488636363636 0.14895833333333333 0.03835227272727273 0.052083333333333336
Sedan 0.7876420454545455 0.13125 0.03551136363636364 0.041666666666666664
Scooter 0.03409090909090909 0.3927083333333333 0.06818181818181818 0.14791666666666667
Sedan 0.5369318181818182 0.240625 0.09659090909090909 0.10625
Sedan 0.9090909090909092 0.13645833333333332 0.02840909090909091 0.03958333333333333
Truck 0.9502840909090909 0.134375 0.03125 0.05625
Sedan 0.8224431818181819 0.17604166666666665 0.04261363636363637 0.05625
Sedan 0.9552556818181819 0.21354166666666666 0.049715909090909095 0.07708333333333334
Sedan 0.8018465909090909 0.315625 0.09232954545454546 0.12291666666666666
Sedan 0.45738636363636365 0.8135416666666666 0.3494318181818182 0.36875
Sedan 0.7251420454545455 0.903125 0.296875 0.18958333333333333
